                            [38;2;0;38;94m▄▄                  [0m
                        [38;2;11;74;158m▄▄[38;2;11;74;158;48;2;11;74;158m▀[38;2;0;38;94;48;2;11;74;158m▀[38;2;0;38;94m▀                   [0m
                  [38;2;36;120;216m▄▄[38;2;11;74;158m▄[38;2;11;74;158;48;2;11;74;158m▀[38;2;11;74;158m▀▀▀[38;2;11;74;158m▄[38;2;11;74;158;48;2;11;74;158m▀[38;2;11;74;158m▀                    [0m
           [38;2;36;120;216m▄▄▄▄[38;2;36;120;216;48;2;36;120;216m▀▀[38;2;36;120;216m▀▀▀ [38;2;0;38;94m▄  [38;2;11;74;158m▄[38;2;11;74;158;48;2;11;74;158m▀                      [0m
      [38;2;88;180;255m▀[38;2;88;180;255;48;2;88;180;255m▀▀[38;2;88;180;255m▀▀[38;2;36;120;216m▀▀   [38;2;0;38;94m▄▄[38;2;0;38;94;48;2;0;38;94m▀▀▀[38;2;0;38;94m▀ [38;2;11;74;158;48;2;11;74;158m▀▀                       [0m
     [38;2;36;120;216m▄▄▄[38;2;88;180;255;48;2;36;120;216m▀[38;2;88;180;255;48;2;88;180;255m▀[38;2;36;120;216m▄[38;2;11;74;158m▄[38;2;11;74;158;48;2;11;74;158m▀[38;2;11;74;158m▀▀▀▀ [38;2;0;38;94m▄[38;2;0;38;94;48;2;0;38;94m▀[38;2;0;38;94m▀ [38;2;36;120;216;48;2;36;120;216m▀[38;2;11;74;158m▀     [38;2;216;240;255m▄▄                 [0m
   [38;2;36;120;216;48;2;36;120;216m▀▀[38;2;36;120;216m▀▀▀▀[38;2;88;180;255m▀[38;2;88;180;255;48;2;88;180;255m▀[38;2;88;180;255m▄      [38;2;0;38;94;48;2;0;38;94m▀[38;2;0;38;94m▀ [38;2;36;120;216;48;2;36;120;216m▀[38;2;36;120;216m▀      [38;2;216;240;255;48;2;216;240;255m▀▀                 [0m
    [38;2;36;120;216m▀[38;2;36;120;216;48;2;36;120;216m▀[38;2;36;120;216m▄    [38;2;88;180;255m▀[38;2;88;180;255;48;2;88;180;255m▀[38;2;88;180;255m▄   [38;2;11;74;158;48;2;11;74;158m▀[38;2;11;74;158m▀ [38;2;36;120;216;48;2;36;120;216m▀▀       [38;2;216;240;255;48;2;216;240;255m▀▀  [38;2;216;240;255m▀[38;2;216;240;255;48;2;216;240;255m▀▀[38;2;216;240;255m▄  [38;2;216;240;255m▄[38;2;216;240;255;48;2;216;240;255m▀▀      [0m
      [38;2;36;120;216m▀[38;2;36;120;216;48;2;36;120;216m▀[38;2;36;120;216m▄    [38;2;88;180;255m▀[38;2;88;180;255;48;2;88;180;255m▀[38;2;36;120;216m▄[38;2;11;74;158;48;2;11;74;158m▀[38;2;11;74;158m▀ [38;2;36;120;216m▄[38;2;36;120;216;48;2;36;120;216m▀        [38;2;216;240;255;48;2;216;240;255m▀▀   [38;2;216;240;255m▀[38;2;216;240;255;48;2;216;240;255m▀▀[38;2;216;240;255m▄[38;2;216;240;255;48;2;216;240;255m▀▀▀       [0m
        [38;2;36;120;216m▀[38;2;36;120;216;48;2;36;120;216m▀[38;2;36;120;216m▄    [38;2;36;120;216;48;2;11;74;158m▀[38;2;11;74;158;48;2;36;120;216m▀[38;2;88;180;255m▄ [38;2;36;120;216;48;2;36;120;216m▀         [38;2;88;180;255;48;2;88;180;255m▀▀     [38;2;216;240;255;48;2;216;240;255m▀▀▀▀        [0m
          [38;2;36;120;216;48;2;36;120;216m▀[38;2;36;120;216m▄   [38;2;11;74;158;48;2;11;74;158m▀[38;2;36;120;216m▀[38;2;88;180;255m▀[38;2;36;120;216;48;2;88;180;255m▀[38;2;36;120;216;48;2;36;120;216m▀         [38;2;88;180;255;48;2;88;180;255m▀▀    [38;2;216;240;255;48;2;216;240;255m▀[38;2;216;240;255;48;2;88;180;255m▀▀▀[38;2;88;180;255;48;2;88;180;255m▀[38;2;88;180;255m▄       [0m
           [38;2;36;120;216m▀[38;2;36;120;216;48;2;36;120;216m▀[38;2;36;120;216m▄[38;2;36;120;216;48;2;36;120;216m▀▀  [38;2;88;180;255m▀          [38;2;88;180;255;48;2;88;180;255m▀▀  [38;2;88;180;255m▄[38;2;88;180;255;48;2;88;180;255m▀▀[38;2;88;180;255m▀  [38;2;88;180;255;48;2;88;180;255m▀▀▀[38;2;88;180;255m▄     [0m
             [38;2;36;120;216m▀[38;2;36;120;216;48;2;36;120;216m▀▀                                [0m
                                                [0m
                                                [0m
                                                [0m
                                                [0m
                                                [0m
                                                [0m
