
                                                
                                                
                                                
                                                
                                                
                           [0;38;2;5;10;30;48;2;7;42;104m▀[0;38;2;5;10;30;48;2;4;38;96m▀[0;38;2;0;32;86;48;2;1;34;89m▀[0;38;2;0;31;84;48;2;5;10;30m▀                 
                      [0;38;2;5;10;30;48;2;25;69;149m▀[0;38;2;5;10;30;48;2;22;65;143m▀[0;38;2;5;10;30;48;2;19;60;135m▀[0;38;2;15;54;123;48;2;16;56;127m▀[0;38;2;11;49;115;48;2;13;52;120m▀[0;38;2;9;45;108;48;2;10;47;112m▀[0;38;2;6;41;101;48;2;8;44;106m▀                   
                 [0;38;2;5;10;30;48;2;42;94;193m▀[0;38;2;5;10;30;48;2;40;92;189m▀[0;38;2;5;10;30;48;2;37;87;181m▀[0;38;2;32;79;167;48;2;34;83;173m▀[0;38;2;30;76;162;48;2;31;79;166m▀[0;38;2;27;72;154;48;2;28;74;158m▀[0;38;2;24;67;146;48;2;5;10;30m▀[0;38;2;21;63;139;48;2;5;10;30m▀[0;38;2;17;58;130;48;2;19;61;135m▀[0;38;2;15;54;124;48;2;17;57;129m▀[0;38;2;12;50;116;48;2;5;10;30m▀                    
         [0;38;2;5;10;30;48;2;70;151;238m▀[0;38;2;5;10;30;48;2;67;144;234m▀[0;38;2;5;10;30;48;2;64;137;230m▀[0;38;2;5;10;30;48;2;60;130;225m▀[0;38;2;56;120;220;48;2;58;124;223m▀[0;38;2;54;115;217;48;2;55;118;219m▀[0;38;2;51;109;213;48;2;52;111;215m▀[0;38;2;48;103;207;48;2;49;105;209m▀[0;38;2;45;98;200;48;2;45;99;201m▀[0;38;2;41;93;190;48;2;5;10;30m▀[0;38;2;39;89;184;48;2;5;10;30m▀[0;38;2;35;85;176;48;2;0;32;86m▀[0;38;2;5;10;30;48;2;0;32;86m▀[0;38;2;0;32;86;48;2;0;32;85m▀ [0;38;2;24;67;146;48;2;26;70;152m▀[0;38;2;21;64;140;48;2;23;66;145m▀[0;38;2;19;60;134;48;2;5;10;30m▀                     
      [0;38;2;79;170;249;48;2;79;170;248m▀[0;38;2;77;165;247;48;2;78;168;247m▀[0;38;2;74;159;243;48;2;76;163;246m▀[0;38;2;71;153;240;48;2;70;151;234m▀[0;38;2;68;146;235;48;2;5;10;30m▀[0;38;2;65;140;232;48;2;5;10;30m▀[0;38;2;62;134;228;48;2;5;10;30m▀[0;38;2;59;127;224;48;2;5;10;30m▀[0;38;2;56;120;219;48;2;15;55;125m▀[0;38;2;5;10;30;48;2;12;49;116m▀[0;38;2;5;10;30;48;2;8;44;106m▀[0;38;2;3;35;92;48;2;5;39;97m▀[0;38;2;0;32;87;48;2;1;34;89m▀[0;38;2;0;32;86;48;2;0;32;86m▀▀▀[0;38;2;5;10;30;48;2;34;83;174m▀[0;38;2;30;76;162;48;2;32;80;168m▀[0;38;2;27;73;156;48;2;29;75;160m▀[0;38;2;25;68;147;48;2;5;10;30m▀                      
  [0;38;2;5;10;30;48;2;60;129;226m▀[0;38;2;5;10;30;48;2;56;121;219m▀[0;38;2;5;10;30;48;2;53;115;217m▀[0;38;2;5;10;30;48;2;49;106;210m▀[0;38;2;5;10;30;48;2;46;100;203m▀[0;38;2;79;170;250;48;2;43;96;195m▀[0;38;2;77;166;247;48;2;52;115;207m▀[0;38;2;74;160;242;48;2;75;162;244m▀[0;38;2;34;84;168;48;2;58;130;215m▀[0;38;2;27;73;156;48;2;29;76;160m▀[0;38;2;24;67;147;48;2;25;69;150m▀[0;38;2;20;61;136;48;2;22;64;141m▀[0;38;2;17;57;129;48;2;18;59;132m▀[0;38;2;13;52;120;48;2;5;10;30m▀[0;38;2;10;46;110;48;2;5;10;30m▀[0;38;2;6;41;101;48;2;5;10;30m▀[0;38;2;3;36;92;48;2;4;38;97m▀[0;38;2;0;32;87;48;2;1;34;90m▀[0;38;2;0;32;86;48;2;0;32;86m▀[0;38;2;5;10;30;48;2;41;93;190m▀[0;38;2;36;86;178;48;2;38;89;184m▀[0;38;2;34;82;172;48;2;35;83;173m▀    [0;38;2;212;240;255;48;2;212;240;255m▀▀▀▀                
  [0;38;2;60;128;223;48;2;5;10;30m▀[0;38;2;58;125;223;48;2;59;126;222m▀[0;38;2;55;118;218;48;2;57;122;221m▀[0;38;2;51;109;213;48;2;53;113;211m▀[0;38;2;48;103;208;48;2;5;10;30m▀[0;38;2;44;98;199;48;2;5;10;30m▀[0;38;2;40;91;188;48;2;5;10;30m▀[0;38;2;67;145;230;48;2;5;10;30m▀[0;38;2;75;161;244;48;2;75;161;243m▀[0;38;2;72;156;241;48;2;74;158;243m▀[0;38;2;5;10;30;48;2;70;152;237m▀    [0;38;2;5;10;30;48;2;11;48;114m▀[0;38;2;7;42;103;48;2;9;45;108m▀[0;38;2;4;38;96;48;2;6;40;100m▀[0;38;2;5;10;30;48;2;46;101;204m▀[0;38;2;42;95;194;48;2;44;98;199m▀[0;38;2;40;92;188;48;2;42;95;194m▀     [0;38;2;210;239;255;48;2;200;234;255m▀[0;38;2;209;239;255;48;2;199;234;255m▀[0;38;2;208;238;255;48;2;197;233;255m▀[0;38;2;206;237;255;48;2;195;232;255m▀                
    [0;38;2;58;124;222;48;2;5;10;30m▀[0;38;2;55;118;219;48;2;56;121;221m▀[0;38;2;52;113;214;48;2;53;115;216m▀[0;38;2;5;10;30;48;2;52;111;214m▀   [0;38;2;74;160;243;48;2;5;10;30m▀[0;38;2;72;156;241;48;2;73;158;243m▀[0;38;2;71;152;239;48;2;71;153;240m▀[0;38;2;5;10;30;48;2;69;149;236m▀ [0;38;2;5;10;30;48;2;18;57;129m▀[0;38;2;14;53;121;48;2;16;55;126m▀[0;38;2;11;48;113;48;2;13;52;120m▀ [0;38;2;49;105;210;48;2;51;109;213m▀[0;38;2;46;101;204;48;2;48;103;207m▀      [0;38;2;189;229;255;48;2;178;224;255m▀[0;38;2;188;228;255;48;2;177;223;255m▀[0;38;2;186;228;255;48;2;175;222;255m▀[0;38;2;184;227;255;48;2;173;222;255m▀ [0;38;2;212;240;255;48;2;212;240;255m▀▀▀[0;38;2;212;240;255;48;2;210;238;254m▀ [0;38;2;5;10;30;48;2;195;228;248m▀[0;38;2;207;235;251;48;2;201;234;253m▀[0;38;2;208;238;255;48;2;199;234;255m▀[0;38;2;204;236;255;48;2;194;230;253m▀[0;38;2;200;233;252;48;2;5;10;30m▀     
      [0;38;2;55;117;217;48;2;55;119;219m▀[0;38;2;52;112;215;48;2;54;115;217m▀[0;38;2;48;103;203;48;2;51;109;213m▀    [0;38;2;72;156;241;48;2;5;10;30m▀[0;38;2;70;151;238;48;2;71;152;238m▀[0;38;2;68;148;236;48;2;62;136;223m▀[0;38;2;21;63;139;48;2;23;66;144m▀[0;38;2;18;59;132;48;2;20;62;137m▀ [0;38;2;55;117;218;48;2;56;119;217m▀[0;38;2;53;113;216;48;2;54;116;217m▀[0;38;2;49;105;207;48;2;5;10;30m▀      [0;38;2;167;219;255;48;2;156;213;255m▀[0;38;2;165;218;255;48;2;154;213;255m▀[0;38;2;163;217;255;48;2;152;212;255m▀[0;38;2;162;216;255;48;2;151;211;255m▀  [0;38;2;210;239;255;48;2;5;10;30m▀[0;38;2;206;237;255;48;2;195;232;255m▀[0;38;2;203;236;255;48;2;191;230;255m▀[0;38;2;197;232;254;48;2;187;228;255m▀[0;38;2;193;231;255;48;2;183;226;255m▀[0;38;2;191;230;255;48;2;179;224;255m▀[0;38;2;187;228;255;48;2;177;223;255m▀[0;38;2;187;228;255;48;2;5;10;30m▀      
       [0;38;2;53;113;213;48;2;5;10;30m▀[0;38;2;52;112;215;48;2;53;113;216m▀[0;38;2;49;105;209;48;2;51;109;213m▀[0;38;2;5;10;30;48;2;48;104;208m▀   [0;38;2;70;151;236;48;2;5;10;30m▀[0;38;2;49;112;196;48;2;30;76;161m▀[0;38;2;26;71;152;48;2;38;93;177m▀[0;38;2;40;96;179;48;2;66;142;232m▀[0;38;2;5;10;30;48;2;63;135;229m▀[0;38;2;59;126;224;48;2;60;130;226m▀[0;38;2;55;118;215;48;2;56;121;216m▀       [0;38;2;145;208;255;48;2;134;203;255m▀[0;38;2;143;207;255;48;2;132;202;255m▀[0;38;2;141;206;255;48;2;130;201;255m▀[0;38;2;140;206;255;48;2;129;201;255m▀   [0;38;2;184;227;255;48;2;5;10;30m▀[0;38;2;179;224;255;48;2;166;218;255m▀[0;38;2;175;222;255;48;2;163;217;255m▀[0;38;2;171;221;255;48;2;159;215;255m▀[0;38;2;167;218;254;48;2;152;210;251m▀        
         [0;38;2;52;110;214;48;2;5;10;30m▀[0;38;2;49;105;209;48;2;50;106;210m▀[0;38;2;47;101;205;48;2;47;103;207m▀[0;38;2;5;10;30;48;2;44;98;198m▀ [0;38;2;5;10;30;48;2;36;86;178m▀[0;38;2;32;80;168;48;2;34;83;172m▀[0;38;2;42;99;185;48;2;32;79;167m▀[0;38;2;67;145;234;48;2;67;144;232m▀[0;38;2;65;140;232;48;2;67;143;234m▀[0;38;2;62;134;228;48;2;64;137;229m▀        [0;38;2;122;198;255;48;2;111;192;255m▀[0;38;2;121;197;255;48;2;110;192;255m▀[0;38;2;119;196;255;48;2;108;191;255m▀[0;38;2;117;195;255;48;2;106;190;255m▀  [0;38;2;5;10;30;48;2;147;208;254m▀[0;38;2;155;211;252;48;2;147;209;255m▀[0;38;2;155;213;255;48;2;143;207;255m▀[0;38;2;151;211;255;48;2;141;206;255m▀[0;38;2;147;209;255;48;2;136;204;255m▀[0;38;2;143;207;255;48;2;131;202;255m▀[0;38;2;138;205;254;48;2;127;200;255m▀[0;38;2;5;10;30;48;2;120;195;252m▀      
           [0;38;2;49;105;210;48;2;5;10;30m▀[0;38;2;46;101;204;48;2;47;103;207m▀[0;38;2;44;96;196;48;2;45;98;200m▀[0;38;2;38;89;184;48;2;41;93;190m▀[0;38;2;36;85;177;48;2;38;89;183m▀  [0;38;2;67;145;235;48;2;5;10;30m▀[0;38;2;66;143;233;48;2;5;10;30m▀        [0;38;2;100;187;255;48;2;89;182;255m▀[0;38;2;99;186;255;48;2;88;181;255m▀[0;38;2;97;185;255;48;2;86;180;255m▀[0;38;2;95;185;255;48;2;85;180;255m▀ [0;38;2;137;205;255;48;2;129;201;255m▀[0;38;2;138;205;254;48;2;127;200;255m▀[0;38;2;135;204;255;48;2;123;198;255m▀[0;38;2;132;202;255;48;2;113;183;239m▀ [0;38;2;121;194;250;48;2;5;10;30m▀[0;38;2;119;195;254;48;2;107;190;254m▀[0;38;2;115;194;255;48;2;103;189;255m▀[0;38;2;111;192;255;48;2;100;187;255m▀[0;38;2;5;10;30;48;2;95;184;254m▀     
             [0;38;2;46;100;203;48;2;46;99;202m▀[0;38;2;43;96;196;48;2;45;98;200m▀[0;38;2;40;92;188;48;2;42;94;192m▀            [0;38;2;83;179;255;48;2;5;10;30m▀▀▀▀ [0;38;2;123;198;255;48;2;5;10;30m▀[0;38;2;119;196;255;48;2;5;10;30m▀[0;38;2;116;195;255;48;2;5;10;30m▀    [0;38;2;96;185;255;48;2;5;10;30m▀[0;38;2;92;183;255;48;2;5;10;30m▀[0;38;2;88;181;255;48;2;5;10;30m▀     
              [0;38;2;44;97;197;48;2;5;10;30m▀[0;38;2;42;93;191;48;2;5;10;30m▀                                
                                                
                                                
                                                
                                                
                                                [0m
