[48;5;232m                            [38;5;17;48;5;232m▄▄[48;5;232m                  [0m
[48;5;232m                        [38;5;25;48;5;232m▄▄[38;5;25;48;5;25m▀[38;5;17;48;5;25m▀[38;5;17;48;5;232m▀[48;5;232m                   [0m
[48;5;232m                  [38;5;32;48;5;232m▄▄[38;5;25;48;5;232m▄[38;5;25;48;5;25m▀[38;5;25;48;5;232m▀▀▀[38;5;25;48;5;232m▄[38;5;25;48;5;25m▀[38;5;25;48;5;232m▀[48;5;232m                    [0m
[48;5;232m           [38;5;32;48;5;232m▄▄▄▄[38;5;32;48;5;32m▀▀[38;5;32;48;5;232m▀▀▀[48;5;232m [38;5;17;48;5;232m▄[48;5;232m  [38;5;25;48;5;232m▄[38;5;25;48;5;25m▀[48;5;232m                      [0m
[48;5;232m      [38;5;75;48;5;232m▀[38;5;75;48;5;75m▀▀[38;5;75;48;5;232m▀▀[38;5;32;48;5;232m▀▀[48;5;232m   [38;5;17;48;5;232m▄▄[38;5;17;48;5;17m▀▀▀[38;5;17;48;5;232m▀[48;5;232m [38;5;25;48;5;25m▀▀[48;5;232m                       [0m
[48;5;232m     [38;5;32;48;5;232m▄▄▄[38;5;75;48;5;32m▀[38;5;75;48;5;75m▀[38;5;32;48;5;232m▄[38;5;25;48;5;232m▄[38;5;25;48;5;25m▀[38;5;25;48;5;232m▀▀▀▀[48;5;232m [38;5;17;48;5;232m▄[38;5;17;48;5;17m▀[38;5;17;48;5;232m▀[48;5;232m [38;5;32;48;5;32m▀[38;5;25;48;5;232m▀[48;5;232m     [38;5;195;48;5;232m▄▄[48;5;232m                 [0m
[48;5;232m   [38;5;32;48;5;32m▀▀[38;5;32;48;5;232m▀▀▀▀[38;5;75;48;5;232m▀[38;5;75;48;5;75m▀[38;5;75;48;5;232m▄[48;5;232m      [38;5;17;48;5;17m▀[38;5;17;48;5;232m▀[48;5;232m [38;5;32;48;5;32m▀[38;5;32;48;5;232m▀[48;5;232m      [38;5;195;48;5;195m▀▀[48;5;232m                 [0m
[48;5;232m    [38;5;32;48;5;232m▀[38;5;32;48;5;32m▀[38;5;32;48;5;232m▄[48;5;232m    [38;5;75;48;5;232m▀[38;5;75;48;5;75m▀[38;5;75;48;5;232m▄[48;5;232m   [38;5;25;48;5;25m▀[38;5;25;48;5;232m▀[48;5;232m [38;5;32;48;5;32m▀▀[48;5;232m       [38;5;195;48;5;195m▀▀[48;5;232m  [38;5;195;48;5;232m▀[38;5;195;48;5;195m▀▀[38;5;195;48;5;232m▄[48;5;232m  [38;5;195;48;5;232m▄[38;5;195;48;5;195m▀▀[48;5;232m      [0m
[48;5;232m      [38;5;32;48;5;232m▀[38;5;32;48;5;32m▀[38;5;32;48;5;232m▄[48;5;232m    [38;5;75;48;5;232m▀[38;5;75;48;5;75m▀[38;5;32;48;5;232m▄[38;5;25;48;5;25m▀[38;5;25;48;5;232m▀[48;5;232m [38;5;32;48;5;232m▄[38;5;32;48;5;32m▀[48;5;232m        [38;5;195;48;5;195m▀▀[48;5;232m   [38;5;195;48;5;232m▀[38;5;195;48;5;195m▀▀[38;5;195;48;5;232m▄[38;5;195;48;5;195m▀▀▀[48;5;232m       [0m
[48;5;232m        [38;5;32;48;5;232m▀[38;5;32;48;5;32m▀[38;5;32;48;5;232m▄[48;5;232m    [38;5;32;48;5;25m▀[38;5;25;48;5;32m▀[38;5;75;48;5;232m▄[48;5;232m [38;5;32;48;5;32m▀[48;5;232m         [38;5;75;48;5;75m▀▀[48;5;232m     [38;5;195;48;5;195m▀▀▀▀[48;5;232m        [0m
[48;5;232m          [38;5;32;48;5;32m▀[38;5;32;48;5;232m▄[48;5;232m   [38;5;25;48;5;25m▀[38;5;32;48;5;232m▀[38;5;75;48;5;232m▀[38;5;32;48;5;75m▀[38;5;32;48;5;32m▀[48;5;232m         [38;5;75;48;5;75m▀▀[48;5;232m    [38;5;195;48;5;195m▀[38;5;195;48;5;75m▀▀▀[38;5;75;48;5;75m▀[38;5;75;48;5;232m▄[48;5;232m       [0m
[48;5;232m           [38;5;32;48;5;232m▀[38;5;32;48;5;32m▀[38;5;32;48;5;232m▄[38;5;32;48;5;32m▀▀[48;5;232m  [38;5;75;48;5;232m▀[48;5;232m          [38;5;75;48;5;75m▀▀[48;5;232m  [38;5;75;48;5;232m▄[38;5;75;48;5;75m▀▀[38;5;75;48;5;232m▀[48;5;232m  [38;5;75;48;5;75m▀▀▀[38;5;75;48;5;232m▄[48;5;232m     [0m
[48;5;232m             [38;5;32;48;5;232m▀[38;5;32;48;5;32m▀▀[48;5;232m                                [0m
[48;5;232m                                                [0m
[48;5;232m                                                [0m
[48;5;232m                                                [0m
[48;5;232m                                                [0m
[48;5;232m                                                [0m
[48;5;232m                                                [0m
